City Name  Latitude  Longitude

Columbus: 39.961138, -83.001465

Cleveland: 41.499566, -81.696117

Cincinnati: 39.103215, -84.511828

Toledo: 41.663986, -83.555022

Akron: 41.081549, -81.519000

Dayton: 39.758901, -84.191172

Parma: 41.391944, -81.728611

Canton: 40.799208, -81.378307

Youngstown: 41.099845, -80.649524

Lorain: 41.452804, -82.1823956

Hamilton: 39.3994858, -84.5613565

Springfield: 39.9242116, -83.8088381

Kettering: 39.697222, -84.152222

Elyria: 41.3683648, -82.1076696

Lakewood: 41.4819782, -81.7982118

Cuyahoga Falls: 41.133999, -81.484560

Euclid: 41.5930899, -81.5268083

Middletown: 39.5150426, -84.3982973

Mansfield: 40.758627, -82.515516

Newark: 40.0581055, -82.4012852

